C   4.00  0.10 0
CA  4.00  0.10 0
CB  4.00  0.10 0
CG  4.00  0.10 0
CD  4.00  0.10 0
CE  4.00  0.10 0
CZ  4.00  0.10 0
C5  4.00  0.10 0
C6  4.00  0.10 0
C3  4.00  0.10 0
C1  4.00  0.10 0
DA  4.00  0.10 0
DB  4.00  0.10 0
DG  4.00  0.10 0
SB  4.00  0.10 0
SG  4.00  0.10 0
SD  4.00  0.10 0
N   4.00  0.10 0
NG  4.00  0.10 0
NZ  4.00  0.10 0
N3  4.00  0.10 0
N7  4.00  0.10 0
NE  4.00  0.10 0
ND  4.00  0.10 0
NH  4.00  0.10 0
O   4.00  0.10 0
OG  4.00  0.10 0
OD  4.00  0.10 0
OE  4.00  0.10 0
OH  4.00  0.10 0
OX  4.00  0.10 0
PA  4.00  0.10 0
EB  4.00  0.10 0
EG  4.00  0.10 0
ED  4.00  0.10 0
EE  4.00  0.10 0
XX  5.00  0.10 0
Y   0.0   0.00 0
Z   0.0   0.00 0
